* * *
Design matrix
"[[0.0, 0.0], [0.0, 0.0], [0.0, 0.0], [0.0, 0.0], [0.0, 0.0], [0.0, 0.0], [0.0, 0.0], [0.0, 0.0], [0.0, 0.0], [0.0, 0.0], [8.0, 8.0], [5.0, 8.0], [10.0, 8.0], [4.0, 8.0], [0.0, 8.0], [2.0, 8.0], [11.0, 8.0], [7.0, 8.0], [1.0, 8.0], [9.0, 8.0], [3.0, 8.0], [6.0, 8.0], [8.0, 4.0], [6.0, 4.0], [4.0, 4.0], [3.0, 4.0], [2.0, 4.0], [1.0, 4.0], [0.0, 4.0], [7.0, 4.0], [9.0, 4.0], [10.0, 4.0], [11.0, 4.0], [5.0, 4.0], [5.0, 5.0], [7.0, 5.0], [4.0, 5.0], [6.0, 5.0], [2.0, 3.0], [8.0, 3.0], [5.0, 3.0], [6.0, 3.0], [7.0, 3.0], [0.0, 3.0], [1.0, 3.0], [9.0, 3.0], [10.0, 3.0], [11.0, 3.0], [3.0, 3.0], [4.0, 3.0], [7.0, 2.0], [10.0, 2.0], [1.0, 2.0], [4.0, 2.0], [3.0, 2.0], [9.0, 2.0], [0.0, 2.0], [2.0, 2.0], [8.0, 2.0], [6.0, 2.0], [11.0, 2.0], [5.0, 2.0], [0.0, 7.0], [1.0, 7.0], [4.0, 7.0], [8.0, 7.0], [7.0, 7.0], [3.0, 7.0], [10.0, 7.0], [2.0, 7.0], [9.0, 7.0], [5.0, 7.0], [11.0, 7.0], [6.0, 7.0], [4.0, 6.0], [11.0, 6.0], [9.0, 6.0], [2.0, 6.0], [3.0, 6.0], [1.0, 6.0], [5.0, 6.0], [7.0, 6.0], [10.0, 6.0], [0.0, 6.0], [6.0, 6.0], [8.0, 6.0], [6.0, 1.0], [5.0, 1.0], [4.0, 1.0], [7.0, 1.0], [0.0, 3.0], [5.0, 3.0], [2.0, 3.0], [8.0, 3.0], [9.0, 3.0], [6.0, 3.0], [10.0, 3.0], [4.0, 3.0], [7.0, 3.0], [11.0, 3.0], [1.0, 3.0], [3.0, 3.0], [5.0, 1.0], [6.0, 1.0], [4.0, 1.0], [7.0, 1.0], [8.0, 2.0], [2.0, 2.0], [10.0, 2.0], [11.0, 2.0], [1.0, 2.0], [6.0, 2.0], [0.0, 2.0], [4.0, 2.0], [7.0, 2.0], [5.0, 2.0], [3.0, 2.0], [9.0, 2.0], [10.0, 7.0], [3.0, 7.0], [6.0, 7.0], [0.0, 7.0], [2.0, 7.0], [9.0, 7.0], [7.0, 7.0], [1.0, 7.0], [5.0, 7.0], [8.0, 7.0], [4.0, 7.0], [11.0, 7.0], [9.0, 8.0], [2.0, 8.0], [6.0, 8.0], [4.0, 8.0], [5.0, 8.0], [11.0, 8.0], [0.0, 8.0], [7.0, 8.0], [10.0, 8.0], [8.0, 8.0], [1.0, 8.0], [3.0, 8.0], [5.0, 5.0], [4.0, 5.0], [7.0, 5.0], [6.0, 5.0], [4.0, 4.0], [0.0, 4.0], [5.0, 4.0], [7.0, 4.0], [3.0, 4.0], [6.0, 4.0], [1.0, 4.0], [2.0, 4.0], [10.0, 4.0], [11.0, 4.0], [8.0, 4.0], [9.0, 4.0], [1.0, 6.0], [11.0, 6.0], [4.0, 6.0], [2.0, 6.0], [8.0, 6.0], [0.0, 6.0], [7.0, 6.0], [6.0, 6.0], [5.0, 6.0], [10.0, 6.0], [3.0, 6.0], [9.0, 6.0], [0.0, 0.0], [0.0, 0.0], [0.0, 0.0], [0.0, 0.0], [0.0, 0.0], [0.0, 0.0], [0.0, 0.0], [0.0, 0.0], [0.0, 0.0], [0.0, 0.0]]"
* * *
Target events
"[37.200058, 52.100113, 57.600136, 86.10024, 93.80028, 97.70029, 113.50035, 121.30038, 153.1005, 179.1006, 204.0007, 216.40074, 222.30077, 225.70078, 233.9008, 268.10095, 275.90097, 295.30106, 304.10107, 324.20114, 337.6012]"
* * *
Full screen mode
True
* * *
Volume TR [s]
2.0
* * *
Number of volumes
180
* * *
Number of bar orientations
8
* * *
Number of bar positions
12
* * *
Number of target events
21
* * *
Inter-trial interval for target events [s]
15.0
